HDBSCAN Clustering Statistics
==============================
n_clusters: 4
n_noise: 1371
noise_ratio: 0.18265387689848123
cluster_sizes:
  cluster_0: 185
  cluster_1: 85
  cluster_2: 109
  cluster_3: 5756
silhouette_score: 0.27518056777705696
